[DUT]
SN = 5891801300006
SKU = 1
Power_dBm_CH15 = 8.623
Power_dBm_CH21 = 8.924
Power_dBm_CH24 = 9.232000000000001
dBm_LNA_ON = -16
dBm_LNA_Off = -28
Current_mA_CH15 = 79.0
Current_mA_CH21 = 73.0
Current_mA_CH24 = 81.0
dBm_CH9750 = 21.070999999999998
dBm_CH2787 = 22.564
dBm_2G_CH124 = 31.667
Current_mA_3G_CH9750 = 207.0
Current_mA_3G_CH2787 = 241.0
Current_mA_2G_CH124 = 155.0
dBm_CH124 = -58

