[DUT]
SN = 5891801300004
SKU = 1
Power_dBm_CH15 = 9.665999999999999
Power_dBm_CH21 = 8.817
Power_dBm_CH24 = 9.260000000000002
dBm_LNA_ON = -16
dBm_LNA_Off = -29
Current_mA_CH15 = 81.0
Current_mA_CH21 = 81.0
Current_mA_CH24 = 80.0
dBm_CH9750 = 21.119
dBm_CH2787 = 22.453
dBm_2G_CH124 = 31.638
Current_mA_3G_CH9750 = 205.0
Current_mA_3G_CH2787 = 241.0
Current_mA_2G_CH124 = 156.0
dBm_CH124 = -58

